7 68 
0 60 1 0 
8 
 
1.000000000000000000 1.000000000000000000 1.000000000000000000 1.000000000000000000 1.000000000000000000 1.000000000000000000 1.000000000000000000 1.000000000000000000 1.000000000000000000 1.000000000000000000 1.000000000000000000 1.000000000000000000 1.000000000000000000 1.000000000000000000 1.000000000000000000 1.000000000000000000 1.000000000000000000 1.000000000000000000 1.000000000000000000 1.000000000000000000 1.000000000000000000 1.000000000000000000 1.000000000000000000 1.000000000000000000 1.000000000000000000 1.000000000000000000 1.000000000000000000 1.000000000000000000 1.000000000000000000 1.000000000000000000 1.000000000000000000 1.000000000000000000 1.000000000000000000 1.000000000000000000 1.000000000000000000 1.000000000000000000 1.000000000000000000 1.000000000000000000 1.000000000000000000 1.000000000000000000 1.000000000000000000 1.000000000000000000 1.000000000000000000 1.000000000000000000 1.000000000000000000 1.000000000000000000 1.000000000000000000 1.000000000000000000 1.000000000000000000 1.000000000000000000 1.000000000000000000 1.000000000000000000 1.000000000000000000 1.000000000000000000 1.000000000000000000 1.000000000000000000 1.000000000000000000 1.000000000000000000 1.000000000000000000 1.000000000000000000 0.500000000000000000 0.000000000000000000 0.000000000000000000 0.000000000000000000 0.000000000000000000 0.000000000000000000 0.000000000000000000 -0.500000000000000000 
0.803532107716138033 0.415930367450598470 0.260993650341004135 -1.029214669637198654 2.322313309936995918 1.402339576669093146 1.000000000000000000 
2000 30 
1.800000000000000044 
0.000000001000000000 
0.000500000000000000 
0.000000001000000000 
1 1 
0.351606902768522467 -0.351606902768522467 0.871673288690636761 -0.871673288690636761 -0.360029625711572820 0.360029625711572820 -0.798944516671105998 0.798944516671105998 0.756218970285488123 -0.756218970285488123 -2.377454293765433491 2.377454293765433491 1.606510961119237413 -1.606510961119237413 -0.557093642241281661 0.557093642241281661 1.122647857944874650 -1.122647857944874650 0.317687979852042224 -0.317687979852042224 -0.726248999742083567 0.726248999742083567 0.351588948379815969 -0.351588948379815969 0.924159404893175052 -0.924159404893175052 0.639405642088515802 -0.639405642088515802 0.977894069845197333 -0.977894069845197333 -1.026279466693260201 1.026279466693260201 0.562473874646300942 -0.562473874646300942 -0.620214209475791978 0.620214209475791978 0.976489543659970205 -0.976489543659970205 -0.450743202815185984 0.450743202815185984 0.390070410090458453 -0.390070410090458453 -2.669523782410901713 2.669523782410901713 0.670291996969230364 -0.670291996969230364 -2.053257491526200962 2.053257491526200962 1.030714423869546259 -1.030714423869546259 1.590426839946390780 -1.590426839946390780 -0.584302129859882946 0.584302129859882946 -1.406949045017439115 1.406949045017439115 0.300907437364548336 -0.300907437364548336 1.566723745595097750 -1.566723745595097750 0.000000000000000000 -1.000000000000000000 0.000000000000000000 0.000000000000000000 0.000000000000000000 0.000000000000000000 0.000000000000000000 0.000000000000000000 -0.696512535163681723 0.696512535163681723 -1.446171539339334844 1.446171539339334844 -0.135576294466486919 0.135576294466486919 -0.765172428787514902 0.765172428787514902 0.400486023191097329 -0.400486023191097329 -0.273782415743900387 0.273782415743900387 0.847648634500925313 -0.847648634500925313 -0.336705699002853465 0.336705699002853465 0.581667258045274083 -0.581667258045274083 1.516107798150034380 -1.516107798150034380 -0.445040300996161264 0.445040300996161264 1.132999926008681157 -1.132999926008681157 -1.814114702851241212 1.814114702851241212 0.874212894863609202 -0.874212894863609202 -1.115347712205141395 1.115347712205141395 1.153486988237922617 -1.153486988237922617 -0.127442875395491428 0.127442875395491428 0.237148765008738799 -0.237148765008738799 0.977815041129280194 -0.977815041129280194 1.270378242169987182 -1.270378242169987182 -0.405138316773604679 0.405138316773604679 -0.759696648513814909 0.759696648513814909 0.420146041651793978 -0.420146041651793978 0.089086297675463888 -0.089086297675463888 -1.527622652429380556 1.527622652429380556 0.032191639898753448 -0.032191639898753448 -1.010673816552338344 1.010673816552338344 1.030812456224556639 -1.030812456224556639 -0.322467327359368283 0.322467327359368283 -1.048423448292328919 1.048423448292328919 0.000000000000000000 0.000000000000000000 -1.000000000000000000 0.000000000000000000 0.000000000000000000 0.000000000000000000 0.000000000000000000 0.000000000000000000 1.696142480747077075 -1.696142480747077075 -0.701165345682908114 0.701165345682908114 -1.349338480385174899 1.349338480385174899 0.861734897324192173 -0.861734897324192173 -1.341380722378574086 1.341380722378574086 -0.322939921204497105 0.322939921204497105 0.268100811901575309 -0.268100811901575309 0.415227462723155749 -0.415227462723155749 -0.271354295524753319 0.271354295524753319 0.749432452588256193 -0.749432452588256193 -0.612911120338435644 0.612911120338435644 0.149994248007728648 -0.149994248007728648 0.034973320285166754 -0.034973320285166754 1.752401730329559371 -1.752401730329559371 -0.550021448804485780 0.550021448804485780 -0.786456613020222406 0.786456613020222406 0.554171560978313327 -0.554171560978313327 -1.586846990031032689 1.586846990031032689 1.170021110265055064 -1.170021110265055064 0.898693600923035851 -0.898693600923035851 0.292314877283449959 -0.292314877283449959 -0.674720856431936800 0.674720856431936800 -2.872751269668519569 2.872751269668519569 2.087099131649749584 -2.087099131649749584 0.964938959209114877 -0.964938959209114877 0.889163671412164014 -0.889163671412164014 -0.960498312499780127 0.960498312499780127 -0.759874404010818294 0.759874404010818294 -0.368411284834507746 0.368411284834507746 0.422723684679004896 -0.422723684679004896 0.000000000000000000 0.000000000000000000 0.000000000000000000 -1.000000000000000000 0.000000000000000000 0.000000000000000000 0.000000000000000000 0.000000000000000000 0.059059777981350724 -0.059059777981350724 1.245982120437818974 -1.245982120437818974 -1.270449896283402769 1.270449896283402769 -0.056225124358975025 0.056225124358975025 0.375041023696103593 -0.375041023696103593 0.317987915650739417 -0.317987915650739417 -0.923489085784077401 0.923489085784077401 1.557813537123208025 -1.557813537123208025 0.414191307229503813 -0.414191307229503813 -0.507700386669635795 0.507700386669635795 -0.209144084593638258 0.209144084593638258 0.703144053247466316 -0.703144053247466316 -1.807862060321251185 1.807862060321251185 -0.320050826432137503 0.320050826432137503 0.039884852845796667 -0.039884852845796667 0.634808587961935511 -0.634808587961935511 -1.097344319221644104 1.097344319221644104 -0.401484809800358555 0.401484809800358555 0.159310862415416699 -0.159310862415416699 0.438705097860831117 -0.438705097860831117 2.565910242123806473 -2.565910242123806473 -1.171687194533550747 1.171687194533550747 1.685874080406988940 -1.685874080406988940 0.365118460310678572 -0.365118460310678572 0.526162503357522793 -0.526162503357522793 -1.299152489916810538 1.299152489916810538 0.691159584398090665 -0.691159584398090665 0.874127225087955928 -0.874127225087955928 1.147895277329864960 -1.147895277329864960 -0.844414378203565019 0.844414378203565019 0.000000000000000000 0.000000000000000000 0.000000000000000000 0.000000000000000000 -1.000000000000000000 0.000000000000000000 0.000000000000000000 0.000000000000000000 1.797071783694818237 -1.797071783694818237 -0.638976995013556648 0.638976995013556648 0.984570272925252898 -0.984570272925252898 0.513478173674302152 -0.513478173674302152 1.125161817875028225 -1.125161817875028225 -0.511172207780700494 0.511172207780700494 -0.070499387778693703 0.070499387778693703 -2.444298897865559539 2.444298897865559539 -0.977814227461400343 0.977814227461400343 0.885299448191509297 -0.885299448191509297 0.562147834450359429 -0.562147834450359429 -0.052411584998688698 0.052411584998688698 1.028192546045776590 -1.028192546045776590 -0.137413808144866284 0.137413808144866284 -2.482842514256541122 2.482842514256541122 0.820409761532064130 -0.820409761532064130 -0.731301400074800600 0.731301400074800600 -0.770692268923938384 0.770692268923938384 0.499520851464531124 -0.499520851464531124 -1.247344316401996611 1.247344316401996611 -0.457815643580366527 0.457815643580366527 2.032930016155203745 -2.032930016155203745 0.027924553523994471 -0.027924553523994471 0.846105526166482047 -0.846105526166482047 -0.184454117395808359 0.184454117395808359 1.182573104357096172 -1.182573104357096172 -0.758618207013852075 0.758618207013852075 0.761126995060120604 -0.761126995060120604 0.041430260341589246 -0.041430260341589246 -0.311629756199872932 0.311629756199872932 0.000000000000000000 0.000000000000000000 0.000000000000000000 0.000000000000000000 0.000000000000000000 -1.000000000000000000 0.000000000000000000 0.000000000000000000 0.264068528817226700 -0.264068528817226700 0.577350218771609192 -0.577350218771609192 -0.044880613828856324 0.044880613828856324 0.396680865935824079 -0.396680865935824079 0.728641591773904751 -0.728641591773904751 -0.002041345349432955 0.002041345349432955 0.147891351014747152 -0.147891351014747152 -1.098195387799324019 1.098195387799324019 -1.021466173866151905 1.021466173866151905 -0.248093553237235864 0.248093553237235864 -1.063922887881042056 1.063922887881042056 2.018496124007770121 -2.018496124007770121 0.394600308811932143 -0.394600308811932143 0.615769628086715537 -0.615769628086715537 1.158654705247900596 -1.158654705247900596 -0.176026510455600388 0.176026510455600388 1.404731919616813762 -1.404731919616813762 -0.262680506066511721 0.262680506066511721 -1.055375070659330117 1.055375070659330117 0.324666916936101613 -0.324666916936101613 -1.610827014289158310 1.610827014289158310 0.968481047964462105 -0.968481047964462105 -0.902030581228207673 0.902030581228207673 -0.184537657075523442 0.184537657075523442 0.198782828309267745 -0.198782828309267745 1.817471706212131721 -1.817471706212131721 -0.096971732755305781 0.096971732755305781 -0.165923454845674029 0.165923454845674029 -1.098049653652398261 1.098049653652398261 0.397810483954790628 -0.397810483954790628 0.000000000000000000 0.000000000000000000 0.000000000000000000 0.000000000000000000 0.000000000000000000 0.000000000000000000 -1.000000000000000000 0.000000000000000000 0.000000000000000000 0.000000000000000000 0.000000000000000000 0.000000000000000000 0.000000000000000000 0.000000000000000000 0.000000000000000000 0.000000000000000000 0.000000000000000000 0.000000000000000000 0.000000000000000000 0.000000000000000000 0.000000000000000000 0.000000000000000000 0.000000000000000000 0.000000000000000000 0.000000000000000000 0.000000000000000000 0.000000000000000000 0.000000000000000000 0.000000000000000000 0.000000000000000000 0.000000000000000000 0.000000000000000000 0.000000000000000000 0.000000000000000000 0.000000000000000000 0.000000000000000000 0.000000000000000000 0.000000000000000000 0.000000000000000000 0.000000000000000000 0.000000000000000000 0.000000000000000000 0.000000000000000000 0.000000000000000000 0.000000000000000000 0.000000000000000000 0.000000000000000000 0.000000000000000000 0.000000000000000000 0.000000000000000000 0.000000000000000000 0.000000000000000000 0.000000000000000000 0.000000000000000000 0.000000000000000000 0.000000000000000000 0.000000000000000000 0.000000000000000000 0.000000000000000000 0.000000000000000000 0.000000000000000000 0.000000000000000000 0.000000000000000000 0.000000000000000000 0.000000000000000000 0.000000000000000000 0.000000000000000000 0.000000000000000000 -1.000000000000000000 0.000000000000000000 0.000000000000000000 0.000000000000000000 0.000000000000000000 0.000000000000000000 0.000000000000000000 -1.000000000000000000 